creativeID
1       0.000000
2       0.000000
3       0.000000
4       0.000000
5       0.000000
6       0.006711
7       0.000000
8       0.250000
9       0.000000
10      0.000000
11      0.000000
12      0.066667
13      0.000000
14      0.000000
15      0.037500
16      0.000000
17      0.000000
18      0.000000
19      0.115385
20      0.000000
21      0.000000
22      0.101538
23      0.020833
24      0.000000
25      0.000000
26      0.023973
27      0.017241
28      0.000000
29      0.000000
30      0.000000
          ...   
6553    0.000000
6554    0.000000
6555    0.028708
6556    0.000000
6557    0.000000
6558    0.000000
6559    0.080717
6560    0.000000
6561    0.011905
6562    0.000000
6563    0.500000
6564    0.222222
6565    0.000000
6566    0.004464
6567    0.157451
6568    0.000000
6569    0.000000
6570    0.000000
6571    0.000000
6572    0.000000
6573    0.000000
6574    0.050000
6575    0.000000
6576    0.000000
6577    0.000000
6578    0.000000
6579    0.000000
6580    0.000000
6581    0.000000
6582    0.000000
Name: label, dtype: float64
==================================================
userID
1          0.0
2          0.0
4          0.0
5          0.0
6          0.0
7          0.0
8          0.0
9          0.0
10         0.0
11         0.0
13         0.0
14         0.0
15         0.0
16         0.0
17         0.0
19         0.0
20         0.0
21         0.0
22         1.0
23         0.0
24         0.0
25         0.0
26         0.0
27         0.0
28         0.0
29         0.0
30         0.0
32         0.0
33         0.5
34         0.0
          ... 
2805085    0.0
2805087    0.0
2805088    0.0
2805089    0.0
2805090    0.0
2805091    0.0
2805092    0.0
2805093    0.0
2805094    0.0
2805096    0.0
2805098    0.0
2805099    0.0
2805100    0.0
2805101    0.0
2805102    0.0
2805103    0.0
2805104    0.0
2805105    0.0
2805106    0.0
2805107    0.0
2805108    0.0
2805109    0.0
2805110    1.0
2805111    0.0
2805112    1.0
2805113    0.0
2805114    0.0
2805115    0.0
2805116    0.0
2805118    0.0
Name: label, dtype: float64
==================================================
positionID
1       0.000000
2       0.166667
3       0.013986
5       0.000000
6       0.000000
7       0.000000
8       0.000000
9       0.000000
10      0.016129
11      0.000000
12      0.000000
13      0.000000
14      0.000000
15      0.115789
16      0.000000
17      0.000000
18      0.090909
19      0.009820
20      0.333333
22      0.000000
23      0.500000
24      0.000000
25      0.005705
26      0.000000
27      0.000000
28      0.125000
29      0.013514
31      0.000000
32      0.000000
33      0.000000
          ...   
7614    0.000000
7615    0.071429
7616    0.044444
7617    0.000000
7618    0.000000
7619    0.016826
7620    0.000000
7621    0.111111
7622    0.100000
7623    0.000000
7624    0.066038
7625    0.000000
7627    0.000000
7628    0.000000
7629    0.000000
7630    0.250000
7631    0.200000
7632    0.000000
7633    0.032828
7634    0.000000
7635    0.000000
7636    0.000000
7637    0.001786
7638    0.007431
7639    0.000000
7640    0.000000
7642    0.004032
7643    0.016529
7644    0.000000
7645    0.000000
Name: label, dtype: float64
==================================================
connectionType
0    0.003829
1    0.029165
2    0.008229
3    0.007050
4    0.006485
Name: label, dtype: float64
==================================================
telecomsOperator
0    0.032215
1    0.021811
2    0.031506
3    0.025564
Name: label, dtype: float64
==================================================
age
0     0.020096
1     0.025868
2     0.018481
3     0.021212
4     0.020555
5     0.018473
6     0.021689
7     0.018883
8     0.015769
9     0.017414
10    0.022644
11    0.025614
12    0.027012
13    0.026520
14    0.025569
15    0.024951
16    0.025862
17    0.024396
18    0.026522
19    0.027675
20    0.026815
21    0.027170
22    0.027973
23    0.027816
24    0.026458
25    0.027003
26    0.025977
27    0.025026
28    0.024655
29    0.023434
        ...   
51    0.029359
52    0.026614
53    0.025884
54    0.022222
55    0.026308
56    0.024687
57    0.025720
58    0.027978
59    0.027941
60    0.026185
61    0.021536
62    0.026786
63    0.032468
64    0.043478
65    0.014888
66    0.020455
67    0.032641
68    0.019455
69    0.023392
70    0.029240
71    0.022099
72    0.021277
73    0.015385
74    0.017857
75    0.029703
76    0.066116
77    0.008621
78    0.015385
79    0.014706
80    0.015625
Name: label, dtype: float64
==================================================
gender
0    0.019714
1    0.028632
2    0.021821
Name: label, dtype: float64
==================================================
education
0    0.020534
1    0.023804
2    0.029693
3    0.027732
4    0.024329
5    0.026613
6    0.022231
7    0.026537
Name: label, dtype: float64
==================================================
marriageStatus
0    0.024657
1    0.027126
2    0.023023
3    0.024840
Name: label, dtype: float64
==================================================
haveBaby
0    0.025760
1    0.019048
2    0.030998
3    0.031256
4    0.032821
5    0.032524
6    0.032122
Name: label, dtype: float64
==================================================
hometown
0       0.020746
101     0.028782
102     0.023887
103     0.027868
104     0.029418
105     0.030524
106     0.028724
107     0.026367
108     0.029023
109     0.027293
110     0.030581
111     0.030204
112     0.028225
113     0.032104
114     0.026550
115     0.029348
116     0.026663
117     0.023162
118     0.028424
201     0.025962
202     0.030440
203     0.030314
204     0.024072
205     0.026052
206     0.028584
207     0.029450
208     0.029630
209     0.029143
210     0.028134
211     0.023219
          ...   
2813    0.010101
2901    0.026114
2902    0.027493
2903    0.032795
2904    0.030246
2905    0.027984
3001    0.030083
3002    0.032230
3003    0.032143
3004    0.035055
3005    0.046392
3006    0.027875
3007    0.044335
3008    0.006757
3101    0.037037
3102    0.016461
3103    0.017316
3104    0.021277
3105    0.031414
3106    0.013889
3107    0.010753
3201    0.027228
3202    0.013333
3203    0.032967
3204    0.030303
3205    0.021739
3206    0.021739
3207    0.062500
3301    0.013304
3401    0.013889
Name: label, dtype: float64
==================================================
residence
0       0.018328
100     0.015106
101     0.027715
102     0.024864
103     0.025431
104     0.026787
105     0.024695
106     0.027313
107     0.024306
108     0.027032
109     0.026144
110     0.028182
111     0.027863
112     0.026579
113     0.024730
114     0.025035
115     0.025490
116     0.021350
117     0.020340
118     0.022800
200     0.012367
201     0.028369
202     0.027719
203     0.027512
204     0.022362
205     0.024722
206     0.028491
207     0.025011
208     0.026289
209     0.028928
          ...   
2905    0.026078
3000    0.000000
3001    0.029916
3002    0.030325
3003    0.023715
3004    0.024309
3005    0.025806
3006    0.026201
3007    0.025237
3008    0.005650
3100    0.076923
3101    0.028120
3102    0.031461
3103    0.034014
3104    0.031477
3105    0.025157
3106    0.022388
3107    0.078652
3200    0.018868
3201    0.019481
3202    0.000000
3203    0.000000
3205    0.000000
3206    0.000000
3209    0.000000
3212    0.000000
3213    0.000000
3216    0.000000
3301    0.018223
3401    0.014760
Name: label, dtype: float64
==================================================
sitesetID
0    0.017488
1    0.043858
2    0.024221
Name: label, dtype: float64
==================================================
positionType
0    0.042585
1    0.018082
2    0.008455
3    0.014851
4    0.007534
5    0.230242
Name: label, dtype: float64
==================================================
adID
1       0.000000
2       0.024390
3       0.000000
4       0.000000
5       0.000000
6       0.000000
7       0.000000
8       0.000000
9       0.002574
10      0.000000
11      0.000000
12      0.015837
13      0.062500
14      0.200000
15      0.000000
16      0.063830
17      0.002175
18      0.000000
19      0.000000
20      0.000000
21      0.119403
22      0.000000
23      0.000000
24      0.090909
25      0.000000
26      0.000000
27      0.000000
28      0.005834
29      0.000000
30      0.000000
          ...   
3584    0.025862
3585    0.010397
3586    0.000000
3587    0.000000
3588    0.070588
3589    0.000000
3590    0.021164
3591    0.000000
3592    0.090909
3593    0.025192
3594    0.000000
3595    0.000000
3596    0.000000
3597    0.000000
3598    0.001912
3599    0.020000
3600    0.000000
3601    0.029412
3602    0.000000
3603    0.045455
3604    0.125000
3605    0.062500
3608    0.000000
3609    0.000000
3610    0.024096
3612    0.034483
3613    0.000000
3614    0.000000
3615    0.126606
3616    0.007663
Name: label, dtype: float64
==================================================
camgaignID
1      0.000000
2      0.001057
3      0.000000
4      0.000000
5      0.008264
6      0.001886
7      0.001866
8      0.013090
9      0.013712
10     0.025437
11     0.000000
12     0.000000
13     0.025357
14     0.016898
15     0.200000
16     0.037253
17     0.080717
18     0.000000
19     0.000000
20     0.001028
21     0.000000
22     0.008919
23     0.030660
24     0.000000
25     0.000000
26     0.057472
27     0.006591
28     0.005666
29     0.009434
30     0.000000
         ...   
688    0.010076
689    0.121339
690    0.079144
691    0.055556
692    0.000000
693    0.001637
694    0.000000
695    0.005016
696    0.018450
697    0.000000
699    0.006211
700    0.033399
701    0.012632
702    0.019417
703    0.000000
704    0.006833
705    0.000000
706    0.005666
707    0.001667
708    0.050766
709    0.012302
710    0.026178
711    0.015424
713    0.019231
714    0.008934
715    0.002203
717    0.002208
718    0.004362
719    0.007407
720    0.002012
Name: label, dtype: float64
==================================================
advertiserID
1     0.007407
2     0.040929
3     0.020328
4     0.145833
5     0.033399
7     0.009610
8     0.012385
9     0.016321
10    0.000916
11    0.423841
12    0.015054
13    0.009656
14    0.000000
15    0.034644
16    0.023729
17    0.003408
18    0.000000
19    0.013333
20    0.016524
21    0.063953
22    0.111497
23    0.031348
24    0.032290
25    0.032453
26    0.001650
27    0.038081
28    0.081780
29    0.055133
31    0.070005
32    0.068834
        ...   
62    0.020513
63    0.003825
64    0.000000
65    0.000000
66    0.037253
67    0.009103
68    0.021440
69    0.061657
70    0.000000
71    0.029388
72    0.006042
73    0.005059
74    0.029216
75    0.110976
76    0.001252
77    0.000000
78    0.005000
79    0.009974
80    0.002515
81    0.203723
82    0.000000
83    0.018192
84    0.035029
85    0.059096
86    0.051724
87    0.014794
88    0.000719
89    0.111658
90    0.002796
91    0.027936
Name: label, dtype: float64
==================================================
appID
14     0.002515
25     0.006042
68     0.000431
75     0.000000
83     0.106286
84     0.018963
88     0.081780
100    0.030855
105    0.031348
109    0.203723
113    0.001610
116    0.015411
123    0.023554
127    0.019119
137    0.009091
146    0.043706
150    0.018192
160    0.000000
195    0.015815
198    0.031710
205    0.028110
206    0.044643
218    0.104145
229    0.002755
262    0.423841
271    0.106796
278    0.003231
283    0.000000
284    0.034632
286    0.059419
293    0.021847
304    0.000000
319    0.050562
327    0.028846
328    0.016667
336    0.014219
350    0.003846
356    0.000035
360    0.031498
383    0.034644
389    0.010051
391    0.009974
419    0.094118
420    0.111658
421    0.047869
428    0.061657
434    0.000916
442    0.002796
465    0.020328
472    0.145833
Name: label, dtype: float64
==================================================
appPlatform
1    0.024596
2    0.025866
Name: label, dtype: float64
==================================================
appCategory
0      0.423841
2      0.015487
101    0.030474
104    0.034928
106    0.044643
108    0.006938
201    0.031498
203    0.096585
209    0.020328
301    0.028042
402    0.037568
407    0.203723
408    0.000000
503    0.031987
Name: label, dtype: float64
==================================================
